1.0
1.0
1.0
1.0
1.0
1.0
1.0
1.0
1.0
1.0
1.0
1.0
1.0
0.999857142857
0.999571428571
0.999285714286
0.998285714286
0.995571428571
0.991
0.987285714286
0.984
0.980714285714
0.978142857143
0.975428571429
0.972571428571
0.969571428571
0.965714285714
0.963
0.958
0.954142857143
0.949714285714
0.945571428571
0.942714285714
0.939714285714
0.935714285714
0.930714285714
0.927714285714
0.924428571429
0.918857142857
0.914428571429
0.910571428571
0.906142857143
0.901857142857
0.896714285714
0.891714285714
0.887857142857
0.884714285714
0.879285714286
0.873571428571
0.866428571429
0.862
0.858285714286
0.852857142857
0.849142857143
0.843571428571
0.84
0.835
0.830428571429
0.826428571429
0.820285714286
0.816571428571
0.811
0.804
0.797857142857
0.792714285714
0.787
0.781285714286
0.774571428571
0.769571428571
0.763428571429
0.757571428571
0.750714285714
0.743285714286
0.736285714286
0.729285714286
0.721857142857
0.713
0.707285714286
0.701285714286
0.693285714286
0.685142857143
0.678
0.671714285714
0.660714285714
0.652857142857
0.644285714286
0.636428571429
0.626857142857
0.617857142857
0.611
0.602428571429
0.593714285714
0.586571428571
0.577571428571
0.568
0.557428571429
0.549142857143
0.541285714286
0.533
0.523285714286
0.512285714286
0.501857142857
0.494428571429
0.485285714286
0.477
0.467857142857
0.457714285714
0.449857142857
0.44
0.428857142857
0.420285714286
0.411285714286
0.403
0.392
0.381571428571
0.372857142857
0.363142857143
0.355857142857
0.348285714286
0.339857142857
0.333857142857
0.325428571429
0.319
0.310857142857
0.303
0.296
0.288571428571
0.280857142857
0.274285714286
0.267285714286
0.260142857143
0.253428571429
0.247285714286
0.241571428571
0.235428571429
0.226571428571
0.219571428571
0.213428571429
0.207285714286
0.201142857143
0.195285714286
0.189428571429
0.184428571429
0.18
0.174714285714
0.169142857143
0.164
0.158428571429
0.153571428571
0.145428571429
0.139857142857
0.135285714286
0.129714285714
0.123142857143
0.118857142857
0.113142857143
0.109285714286
0.105
0.0988571428571
0.0928571428571
0.0881428571429
0.0838571428571
0.0788571428571
0.0747142857143
0.0705714285714
0.0665714285714
0.0627142857143
0.0594285714286
0.056
0.0527142857143
0.0502857142857
0.0477142857143
0.0451428571429
0.0425714285714
0.0398571428571
0.0372857142857
0.0347142857143
0.0331428571429
0.032
0.0302857142857
0.0284285714286
0.0272857142857
0.0261428571429
0.025
0.0244285714286
0.0228571428571
0.0225714285714
0.0218571428571
0.021
0.0205714285714
0.0197142857143
0.0188571428571
0.0184285714286
0.0172857142857
0.0165714285714
0.0157142857143
0.015
0.0145714285714
0.0138571428571
0.0134285714286
0.0
