1.0
0.996714285714
0.988142857143
0.977285714286
0.966
0.958
0.948285714286
0.938714285714
0.928714285714
0.915571428571
0.903571428571
0.888428571429
0.872714285714
0.860428571429
0.847
0.828428571429
0.809571428571
0.790857142857
0.778857142857
0.766428571429
0.755428571429
0.741285714286
0.731
0.722857142857
0.717857142857
0.709714285714
0.704428571429
0.7
0.694428571429
0.689714285714
0.684714285714
0.680714285714
0.676571428571
0.669142857143
0.664857142857
0.660571428571
0.657571428571
0.654857142857
0.652
0.648428571429
0.645428571429
0.643142857143
0.640571428571
0.636714285714
0.632142857143
0.630428571429
0.627714285714
0.625
0.624
0.621428571429
0.618
0.616285714286
0.612714285714
0.61
0.607714285714
0.605857142857
0.603857142857
0.602571428571
0.601
0.600571428571
0.597428571429
0.594
0.591285714286
0.588428571429
0.585142857143
0.581714285714
0.578
0.575428571429
0.573142857143
0.569714285714
0.567
0.564428571429
0.562285714286
0.558571428571
0.555
0.552571428571
0.548142857143
0.544142857143
0.542
0.539857142857
0.537714285714
0.536142857143
0.533
0.530714285714
0.528428571429
0.527142857143
0.524714285714
0.522714285714
0.521428571429
0.520142857143
0.518
0.515571428571
0.512714285714
0.510571428571
0.509
0.506714285714
0.503714285714
0.502428571429
0.499571428571
0.497714285714
0.496428571429
0.495
0.493
0.489857142857
0.485571428571
0.483428571429
0.481285714286
0.478428571429
0.476428571429
0.473857142857
0.470857142857
0.468285714286
0.464285714286
0.461571428571
0.459
0.455714285714
0.454428571429
0.452142857143
0.449857142857
0.446428571429
0.443428571429
0.441285714286
0.439714285714
0.434714285714
0.432428571429
0.430714285714
0.429571428571
0.426142857143
0.423714285714
0.421714285714
0.421
0.417857142857
0.414428571429
0.411571428571
0.408142857143
0.405142857143
0.403142857143
0.401142857143
0.398428571429
0.392714285714
0.390857142857
0.386714285714
0.385142857143
0.378142857143
0.375857142857
0.373857142857
0.371142857143
0.367142857143
0.365428571429
0.361428571429
0.359142857143
0.356571428571
0.354714285714
0.352714285714
0.351
0.349142857143
0.346
0.343571428571
0.342571428571
0.339428571429
0.337571428571
0.335
0.333428571429
0.330571428571
0.329285714286
0.327
0.324857142857
0.321857142857
0.32
0.317714285714
0.313714285714
0.312
0.310285714286
0.306428571429
0.304428571429
0.3
0.295571428571
0.292571428571
0.288
0.283714285714
0.280142857143
0.275714285714
0.271142857143
0.265571428571
0.262
0.256285714286
0.250714285714
0.245857142857
0.238
0.233714285714
0.228142857143
0.221428571429
0.215142857143
0.207571428571
0.201142857143
0.190428571429
0.177571428571
0.158285714286
0.135714285714
0.0997142857143
0.0
