1.0
1.0
1.0
1.0
1.0
1.0
1.0
1.0
1.0
1.0
1.0
1.0
1.0
1.0
1.0
1.0
0.999194630872
0.995167785235
0.992214765101
0.988724832215
0.984697986577
0.983087248322
0.980134228188
0.979060402685
0.974228187919
0.970469798658
0.967785234899
0.965369127517
0.962147651007
0.958389261745
0.956510067114
0.952483221477
0.949798657718
0.947919463087
0.943624161074
0.940134228188
0.939060402685
0.936912751678
0.934765100671
0.934765100671
0.933154362416
0.931275167785
0.929932885906
0.926979865772
0.924563758389
0.922953020134
0.919463087248
0.917583892617
0.915436241611
0.911946308725
0.91033557047
0.909798657718
0.907651006711
0.906308724832
0.904161073826
0.902013422819
0.900939597315
0.898523489933
0.893959731544
0.892080536913
0.890469798658
0.886979865772
0.884832214765
0.882953020134
0.880268456376
0.875973154362
0.874630872483
0.871946308725
0.869530201342
0.869261744966
0.867651006711
0.866577181208
0.864697986577
0.863624161074
0.861208053691
0.85610738255
0.854496644295
0.852080536913
0.849932885906
0.848590604027
0.848053691275
0.845906040268
0.844295302013
0.841610738255
0.840268456376
0.839194630872
0.838120805369
0.835704697987
0.832751677852
0.828993288591
0.824966442953
0.82255033557
0.816912751678
0.81288590604
0.808590604027
0.806711409396
0.804295302013
0.802147651007
0.797583892617
0.794630872483
0.79033557047
0.783087248322
0.778523489933
0.774496644295
0.771543624161
0.768859060403
0.767248322148
0.76322147651
0.76
0.754899328859
0.751677852349
0.746845637584
0.744429530201
0.740939597315
0.737986577181
0.732617449664
0.728859060403
0.725906040268
0.723489932886
0.720536912752
0.717583892617
0.715167785235
0.710872483221
0.708724832215
0.705234899329
0.702281879195
0.696644295302
0.693959731544
0.691006711409
0.689127516779
0.685637583893
0.682147651007
0.678926174497
0.673288590604
0.669798657718
0.664161073826
0.659597315436
0.653959731544
0.649932885906
0.644295302013
0.640268456376
0.634093959732
0.628993288591
0.624966442953
0.620402684564
0.615302013423
0.611543624161
0.608322147651
0.601879194631
0.598120805369
0.594899328859
0.590067114094
0.587382550336
0.580939597315
0.578791946309
0.573422818792
0.570469798658
0.565369127517
0.56
0.55677852349
0.553020134228
0.546845637584
0.544161073826
0.538255033557
0.535838926174
0.533154362416
0.529932885906
0.526979865772
0.524026845638
0.519194630872
0.515167785235
0.512214765101
0.510067114094
0.507919463087
0.503355704698
0.50067114094
0.499060402685
0.496912751678
0.495302013423
0.493959731544
0.488053691275
0.485369127517
0.481879194631
0.477315436242
0.472751677852
0.465771812081
0.461476510067
0.455838926174
0.446174496644
0.435167785235
0.421744966443
0.400268456376
0.382281879195
0.357852348993
0.330201342282
0.29610738255
0.249127516779
0.183355704698
0.108187919463
0.0421476510067
0.0048322147651
