1.0
0.999714285714
0.998714285714
0.998
0.997571428571
0.996714285714
0.996
0.994857142857
0.993857142857
0.993285714286
0.991857142857
0.991142857143
0.988
0.986
0.983285714286
0.981428571429
0.979857142857
0.978571428571
0.977714285714
0.976
0.975857142857
0.974857142857
0.974285714286
0.974142857143
0.973857142857
0.973285714286
0.972857142857
0.972714285714
0.972714285714
0.972571428571
0.972142857143
0.971142857143
0.970714285714
0.970285714286
0.968857142857
0.968571428571
0.968428571429
0.968285714286
0.968
0.966285714286
0.966142857143
0.966142857143
0.966142857143
0.966142857143
0.966142857143
0.966
0.966
0.966
0.965857142857
0.965571428571
0.965571428571
0.965571428571
0.965571428571
0.965571428571
0.965428571429
0.965285714286
0.965285714286
0.965285714286
0.965285714286
0.965285714286
0.965285714286
0.965285714286
0.965142857143
0.965
0.965
0.964714285714
0.964714285714
0.964571428571
0.963857142857
0.963571428571
0.963428571429
0.963142857143
0.962857142857
0.962714285714
0.962714285714
0.962428571429
0.961857142857
0.961714285714
0.961571428571
0.961571428571
0.961428571429
0.961428571429
0.961142857143
0.960428571429
0.960285714286
0.960285714286
0.96
0.96
0.959428571429
0.959285714286
0.959142857143
0.958428571429
0.958285714286
0.958285714286
0.958142857143
0.957857142857
0.957857142857
0.957142857143
0.956428571429
0.956142857143
0.955857142857
0.955285714286
0.955
0.954857142857
0.954857142857
0.954428571429
0.954
0.953857142857
0.953571428571
0.952571428571
0.952428571429
0.952285714286
0.952142857143
0.951714285714
0.951285714286
0.950857142857
0.949857142857
0.948857142857
0.948714285714
0.948142857143
0.947571428571
0.947142857143
0.946714285714
0.945714285714
0.945142857143
0.944857142857
0.944285714286
0.944
0.943714285714
0.942857142857
0.942857142857
0.941857142857
0.940571428571
0.940285714286
0.939714285714
0.939428571429
0.939
0.938428571429
0.937714285714
0.937142857143
0.936714285714
0.936
0.935714285714
0.935285714286
0.935142857143
0.934714285714
0.934714285714
0.934571428571
0.933857142857
0.933428571429
0.932285714286
0.931714285714
0.931285714286
0.930714285714
0.930142857143
0.929857142857
0.929571428571
0.929142857143
0.928714285714
0.928
0.927857142857
0.927714285714
0.926857142857
0.926
0.925714285714
0.925571428571
0.925142857143
0.924571428571
0.923571428571
0.923142857143
0.922571428571
0.921285714286
0.920714285714
0.920285714286
0.919285714286
0.918142857143
0.916571428571
0.916142857143
0.914857142857
0.912714285714
0.911142857143
0.909571428571
0.908285714286
0.905
0.902428571429
0.899571428571
0.896714285714
0.894285714286
0.891428571429
0.887571428571
0.884
0.879428571429
0.872857142857
0.865
0.855571428571
0.842
0.823285714286
0.795
0.743571428571
0.623571428571
0.00128571428571
